 machine_id  Tasks  Avg Heat   Energy  Failure Rate (%)
  547383473      1 18.999885 0.508834               0.0
  814395387      1 18.999372 1.554449             100.0
  633771476      1 18.997976 1.206497               0.0
  313101715      1 18.997775 1.851816               0.0
  712913275      1 18.997322 0.680349             100.0
  719944082      1 18.997308 2.043303             100.0
  317802181      1 18.996448 0.403935               0.0
  666478075      1 18.996333 2.318175             100.0
  502042990      1 18.996023 1.208473             100.0
  690107206      1 18.995984 1.658762               0.0